No of Models: 2
.\peg.step
.\hole.step

No of Scenes: 41
2 -27.240726 999.618286 1429.929565  -0.049679 0.001101 0.998765 3.140531
0 106.738266 982.089905 1437.271729  0.030936 0.001323 -0.999520 3.133789

2 -29.894484 993.660645 1432.324951  -0.051360 -0.011417 0.998615 3.135950
0 106.474518 982.066833 1437.316528  0.031569 0.001726 -0.999500 3.133569

2 -30.433012 980.275269 1434.076538  -0.071949 -0.004145 0.997400 3.107350
0 106.598961 982.122070 1437.376099  0.030682 0.000900 -0.999529 3.133399

2 -23.462826 955.859070 1436.161621  -0.155643 0.031712 0.987304 2.986780
0 106.560600 982.126160 1437.330322  0.030366 0.000730 -0.999539 3.132589

2 -17.490244 928.525024 1440.598022  -0.274492 -0.031956 0.961058 2.953147
0 106.585609 982.115356 1437.355469  0.030677 0.000589 -0.999529 3.133626

2 9.635893 890.825500 1455.658203  -0.323951 0.027863 0.945664 -2.932439
0 106.609230 982.105347 1437.304688  0.030354 0.000269 -0.999539 3.133662

2 7.379079 874.671936 1451.143799  0.284665 0.006666 -0.958604 -2.933053
0 106.828934 982.107727 1437.343506  0.030263 0.000389 -0.999542 3.131576

2 25.458126 859.477356 1451.812622  -0.281279 0.029706 0.959166 2.907515
0 106.726784 982.120972 1437.343750  0.030149 0.000576 -0.999545 3.132511

2 38.403408 861.060669 1446.839355  -0.106021 0.017918 0.994202 2.755981
0 106.594101 982.103638 1437.265747  0.030233 0.000919 -0.999542 3.133086

2 42.325073 869.642578 1442.471802  -0.082152 0.007726 0.996590 2.767961
0 106.194870 982.110352 1437.374634  0.030981 0.001081 -0.999519 3.134630

2 51.610065 877.376770 1440.584595  -0.083513 0.001903 0.996505 2.754131
0 106.713715 982.090759 1437.254150  0.030330 0.001683 -0.999539 3.132713

2 65.485191 901.520386 1437.260986  -0.208276 -0.012063 0.977996 3.040569
0 106.357849 982.189392 1437.288208  0.030453 -0.000658 -0.999536 3.133262

2 57.937157 907.762695 1433.479614  -0.046653 -0.031050 0.998428 2.534127
0 106.893738 982.040649 1436.919189  0.030213 0.004435 -0.999534 3.132063

2 52.407784 909.253113 1431.483521  -0.047251 -0.044219 0.997904 2.373067
0 106.825325 982.150391 1436.445801  0.030719 0.010075 -0.999477 3.133457

2 50.789303 909.868469 1431.964233  -0.044559 -0.041580 0.998141 2.315952
0 106.962517 982.030273 1436.627197  0.030576 0.008424 -0.999497 3.131033

2 54.832417 909.517395 1431.438477  -0.043457 -0.041309 0.998201 2.333620
0 108.247414 982.144043 1436.833862  0.030797 0.006142 -0.999507 3.138143

2 58.133968 910.051758 1429.723145  -0.044648 -0.042206 0.998111 2.312998
0 106.949234 982.287720 1436.647949  0.031336 0.007812 -0.999478 3.132495

2 63.644630 909.978210 1430.921875  -0.045747 -0.039845 0.998158 2.295228
0 106.858765 982.395447 1436.914795  0.030567 0.006412 -0.999512 3.134757

2 69.192963 909.784729 1431.276001  -0.043242 -0.040775 0.998232 2.305748
0 106.730484 982.139771 1436.890747  0.030609 0.005359 -0.999517 3.134851

2 86.022873 917.648865 1434.695312  -0.039274 -0.034077 0.998647 2.385442
0 106.674110 982.132507 1437.033569  0.030503 0.003329 -0.999529 3.134833

2 89.217369 921.197632 1435.312134  -0.034385 -0.034992 0.998796 2.363147
0 107.063782 982.190491 1436.933105  0.030294 0.003787 -0.999534 3.133709

2 92.032509 924.261780 1435.913330  -0.038249 -0.035474 0.998638 2.352190
0 107.015785 982.118958 1436.958740  0.029924 0.004016 -0.999544 3.134212

2 94.698006 926.523987 1435.121826  -0.041914 -0.034235 0.998535 2.354873
0 106.820381 982.157776 1436.980225  0.030018 0.004121 -0.999541 3.134012

2 95.316803 926.939087 1435.258179  -0.035605 -0.023399 0.999092 2.370573
0 106.775322 982.089233 1436.768921  0.031919 0.007575 -0.999462 3.131612

2 95.281570 926.838318 1436.218994  -0.035178 -0.026625 0.999026 2.376041
0 106.791870 982.111877 1437.018555  0.031121 0.004201 -0.999507 3.133476

2 95.030952 925.696899 1436.164307  -0.033357 -0.019841 0.999247 2.455077
0 106.739578 982.200500 1437.065674  0.030811 0.003757 -0.999518 3.134467

2 95.710625 923.826477 1436.722900  -0.028746 -0.014719 0.999478 2.563981
0 107.098442 982.223755 1436.948242  0.030187 0.002775 -0.999540 3.133141

2 96.460426 921.352722 1438.330444  -0.020680 -0.009083 0.999745 2.687021
0 107.063980 982.170410 1437.157227  0.030145 0.002727 -0.999542 3.132109

2 98.498802 918.957153 1438.228638  -0.009934 -0.008069 0.999918 2.772713
0 107.020630 982.217224 1436.880493  0.029953 0.002985 -0.999547 3.133410

2 99.052261 917.355591 1437.885864  -0.007262 -0.008408 0.999938 2.850930
0 107.212700 982.101379 1437.188232  0.029605 0.002704 -0.999558 3.131732

2 100.791634 916.123962 1437.276611  -0.011985 0.000592 0.999928 2.905825
0 107.140274 982.119446 1437.159668  0.029386 0.002193 -0.999566 3.130728

2 100.442734 916.462830 1437.144287  -0.034616 -0.002583 0.999397 2.968009
0 107.009010 982.159546 1437.086060  0.029599 0.002512 -0.999559 3.132350

2 107.066757 940.782654 1437.706421  -0.059156 0.004362 0.998239 3.139080
0 106.934174 981.995789 1437.106079  0.030525 0.003867 -0.999527 3.132201

2 107.110535 951.611145 1437.643311  -0.066487 0.002250 0.997785 3.131855
0 107.083603 982.042908 1437.077393  0.029866 0.002749 -0.999550 3.132709

2 106.485847 959.995544 1434.272583  -0.058464 -0.000075 0.998290 3.136698
0 107.204681 982.205994 1437.076660  0.030155 0.002857 -0.999541 3.131854

2 108.882362 972.709290 1437.560059  0.067641 0.002238 -0.997707 -3.137734
0 106.942833 982.096619 1436.929810  0.029384 0.004392 -0.999559 3.133919

2 108.496925 978.896790 1437.483276  -0.070393 0.001866 0.997518 3.134354
0 106.741714 981.960999 1436.934204  0.030521 0.004924 -0.999522 3.134889

2 107.612885 981.188293 1437.727661  -0.059999 -0.003959 0.998191 -3.136451
0 106.724258 981.666809 1437.366577  0.028503 0.001220 -0.999593 3.138519

2 106.884369 981.162354 1438.398315  0.059105 0.000660 -0.998252 -3.139085
0 107.161911 981.958069 1437.580933  0.028681 -0.000981 -0.999588 3.133694

2 107.626549 981.572754 1438.451782  -0.060528 -0.004824 0.998155 3.139165
0 106.882523 982.262390 1437.187134  0.029943 0.002190 -0.999549 3.129846

2 107.381042 981.688354 1438.398804  -0.058745 -0.003623 0.998266 3.139951
0 106.599800 981.923279 1437.204712  0.029484 0.003195 -0.999560 3.134683

